STROKE 1
30 250 1777214087.610000
30 249 1777214087.616000
30 248 1777214087.632000
30 246 1777214087.648000
30 245 1777214087.664000
30 245 1777214087.682000
31 244 1777214087.698000
33 243 1777214087.715000
39 243 1777214087.732000
48 246 1777214087.748000
56 254 1777214087.765000
58 265 1777214087.782000
54 273 1777214087.799000
50 277 1777214087.815000
42 282 1777214087.832000
33 281 1777214087.849000
22 277 1777214087.865000
15 269 1777214087.882000
11 261 1777214087.899000
9 250 1777214087.916000
11 239 1777214087.933000
14 234 1777214087.949000
22 226 1777214087.966000
32 222 1777214087.983000
45 225 1777214087.999000
58 231 1777214088.016000
64 236 1777214088.033000

STROKE 2
81 236 1777214088.163000
81 236 1777214088.185000
80 235 1777214088.201000
80 235 1777214088.217000
78 237 1777214088.233000
74 243 1777214088.250000
71 256 1777214088.267000
74 269 1777214088.284000
77 274 1777214088.301000
84 282 1777214088.317000
92 286 1777214088.333000
99 286 1777214088.350000
102 284 1777214088.367000

STROKE 3
117 229 1777214088.460000
116 229 1777214088.486000
116 229 1777214088.501000
117 229 1777214088.518000
118 230 1777214088.534000
122 234 1777214088.551000
126 239 1777214088.568000
129 246 1777214088.584000
131 254 1777214088.601000
131 260 1777214088.618000
128 272 1777214088.635000
123 280 1777214088.651000
116 286 1777214088.668000
105 289 1777214088.685000
96 288 1777214088.701000
93 287 1777214088.718000
91 285 1777214088.735000
90 284 1777214088.752000

STROKE 4
117 239 1777214088.877000
117 239 1777214088.886000
116 239 1777214088.902000
114 239 1777214088.918000
110 240 1777214088.935000
104 243 1777214088.952000
99 249 1777214088.969000
96 255 1777214088.986000
95 259 1777214089.003000
96 269 1777214089.019000
105 283 1777214089.036000
116 291 1777214089.052000
125 293 1777214089.069000
129 294 1777214089.083000

STROKE 5
134 276 1777214089.199000
133 275 1777214089.221000
133 275 1777214089.238000
132 273 1777214089.253000
131 271 1777214089.270000
131 268 1777214089.286000
132 262 1777214089.303000
138 250 1777214089.319000
150 240 1777214089.336000
159 236 1777214089.353000
163 235 1777214089.371000
169 236 1777214089.387000
173 238 1777214089.403000
178 243 1777214089.420000
180 250 1777214089.437000
181 259 1777214089.453000
181 266 1777214089.470000
179 270 1777214089.487000
179 274 1777214089.504000
178 276 1777214089.520000

STROKE 6
237 229 1777214089.707000
237 229 1777214089.722000
236 229 1777214089.739000
235 228 1777214089.754000
235 227 1777214089.771000
233 226 1777214089.788000
230 224 1777214089.805000
223 224 1777214089.821000
210 228 1777214089.838000
197 235 1777214089.855000
189 242 1777214089.871000
187 249 1777214089.888000
188 258 1777214089.906000
191 265 1777214089.922000
197 270 1777214089.938000
204 272 1777214089.955000
214 274 1777214089.972000
224 275 1777214089.988000
230 274 1777214090.005000
232 274 1777214090.022000

STROKE 7
195 287 1777214090.172000
194 287 1777214090.190000
194 287 1777214090.206000
194 287 1777214090.223000
193 289 1777214090.239000
194 292 1777214090.256000
198 297 1777214090.274000
201 300 1777214090.290000
208 304 1777214090.306000
214 306 1777214090.323000
221 304 1777214090.339000
227 301 1777214090.356000
232 299 1777214090.373000
234 297 1777214090.390000
235 296 1777214090.407000
235 296 1777214090.423000
236 296 1777214090.440000
236 296 1777214090.456000
236 296 1777214090.473000
236 296 1777214090.490000
236 296 1777214090.506000
236 296 1777214090.524000
236 296 1777214090.540000
236 296 1777214090.557000
236 296 1777214090.574000
236 296 1777214090.590000
236 296 1777214090.607000
236 296 1777214090.624000
236 296 1777214090.640000
236 296 1777214090.657000
236 296 1777214090.675000
236 296 1777214090.691000
236 296 1777214090.707000
236 296 1777214090.724000
236 296 1777214090.740000
236 296 1777214090.757000
236 296 1777214090.774000
236 296 1777214090.791000
236 296 1777214090.808000
236 296 1777214090.824000
236 296 1777214090.841000
236 296 1777214090.858000
236 296 1777214090.874000
236 296 1777214090.891000
237 296 1777214090.908000
238 300 1777214090.925000
240 314 1777214090.942000
241 334 1777214090.959000
241 350 1777214090.976000
240 363 1777214090.992000
240 373 1777214091.008000
240 378 1777214091.025000
239 381 1777214091.041000
239 382 1777214091.058000
239 383 1777214091.075000
239 383 1777214091.092000
238 384 1777214091.108000
237 384 1777214091.126000
223 384 1777214091.142000
207 383 1777214091.159000
194 381 1777214091.175000
183 379 1777214091.192000
175 377 1777214091.209000
172 375 1777214091.226000
171 374 1777214091.242000
171 373 1777214091.259000

STROKE 8
265 240 1777214091.456000
265 240 1777214091.477000
265 240 1777214091.493000
264 240 1777214091.510000
263 244 1777214091.526000
258 256 1777214091.543000
254 272 1777214091.560000
252 286 1777214091.577000
253 295 1777214091.593000
255 299 1777214091.611000
257 301 1777214091.627000
261 302 1777214091.643000
264 302 1777214091.660000
266 302 1777214091.672000

STROKE 9
313 249 1777214091.786000
314 248 1777214091.812000
314 248 1777214091.828000
315 248 1777214091.845000
316 248 1777214091.861000
317 250 1777214091.877000
318 254 1777214091.894000
318 262 1777214091.911000
314 277 1777214091.928000
307 290 1777214091.944000
301 297 1777214091.962000
291 300 1777214091.978000
272 300 1777214091.996000
265 299 1777214092.013000
256 296 1777214092.028000
251 293 1777214092.045000

STROKE 10
312 250 1777214092.221000
312 250 1777214092.229000
311 250 1777214092.246000
309 251 1777214092.262000
304 256 1777214092.279000
296 263 1777214092.296000
290 267 1777214092.314000
288 267 1777214092.329000
282 269 1777214092.346000
274 268 1777214092.362000
267 265 1777214092.379000
263 262 1777214092.396000
261 258 1777214092.412000
261 256 1777214092.429000

STROKE 11
264 333 1777214092.692000
263 333 1777214092.714000
262 334 1777214092.730000
260 336 1777214092.747000
258 340 1777214092.763000
255 346 1777214092.780000
253 358 1777214092.797000
254 369 1777214092.813000
256 375 1777214092.830000
258 377 1777214092.847000
261 379 1777214092.864000
266 378 1777214092.880000

STROKE 12
308 327 1777214092.970000
308 326 1777214092.980000
308 326 1777214092.998000
308 325 1777214093.014000
309 325 1777214093.031000
309 325 1777214093.047000
310 325 1777214093.065000
311 325 1777214093.081000
313 326 1777214093.097000
314 330 1777214093.114000
316 334 1777214093.131000
316 341 1777214093.148000
312 354 1777214093.165000
302 368 1777214093.181000
292 376 1777214093.198000
285 378 1777214093.215000
272 377 1777214093.232000
262 370 1777214093.249000
259 367 1777214093.265000
256 361 1777214093.282000

STROKE 13
300 329 1777214093.442000
300 329 1777214093.467000
299 329 1777214093.482000
298 330 1777214093.499000
296 331 1777214093.516000
290 336 1777214093.532000
285 341 1777214093.549000
280 343 1777214093.566000
275 345 1777214093.582000
268 345 1777214093.599000
263 344 1777214093.616000
261 342 1777214093.632000

STROKE 14
320 287 1777214093.858000
320 286 1777214093.867000
320 286 1777214093.884000
319 285 1777214093.900000
318 283 1777214093.916000
317 280 1777214093.933000
315 276 1777214093.950000
315 272 1777214093.967000
315 267 1777214093.984000
317 262 1777214094.001000
318 259 1777214094.017000
322 254 1777214094.033000
326 250 1777214094.050000
330 248 1777214094.067000
334 246 1777214094.084000
338 246 1777214094.100000
342 247 1777214094.117000
347 249 1777214094.134000
350 251 1777214094.150000
352 253 1777214094.168000
354 254 1777214094.184000
355 258 1777214094.201000
356 261 1777214094.217000
357 266 1777214094.234000
357 273 1777214094.251000
356 279 1777214094.268000
355 284 1777214094.284000
355 288 1777214094.301000

